1002001
1002002
1002003
1002004
1002005
1002007
1002008
1002010
1002013
1002019
1002020
1002021
1002022
1002023
1002024
1002025
1002026
1002027
1002028
1002029
1002030
1002033
1002034
1002035
1002036
1002037
1002038
1002039
1002041
1002042
1002043
1002045
1002047
1002048
1002049
1002051
1002055
1002058
1002064
1002065
1002067
1002073
1002075
1002080
1002081
1002083
1002084
1002085
1002086
1002088
1002089
1002090
1002092
1002093
1002094
1002095
1002096
1002097
1002098
1002099
1002100
1002101
1002103
1002104
1002107
1002113
1002118
1002119
1002121
1002127
1002128
1002129
1002131
1002135
1002136
1002137
1002138
1002139
1002141
1002142
1002143
1002144
1002145
1002146
1002150
1002151
1002152
1002153
1002154
1002155
1002156
1002158
1002159
1002160
1002162
1002163
1002164
1002165
1002166
1002167
1002168
1002169
1002170
1002172
1002173
1002174
1002175
1002176
1002177
1002178
1002179
1002180
1002181
1002182
1002183
1002184
1002185
1002207
1002208
1002209
1002210
1002211
1002212
1002213
1002214
1002215
1002216
1002217
1002218
1002242
1002243
1002244
1002245
1002246
1002247
1002248
1002249
1002252
1002253
1002254
1002267
1002268
1002269
1002270
1002271
1002272
1002273
1002274
1002275
1002276
1002277
1002278
1002281
1002282
1002283
1002284
1002285
1002286
1002287
1002288
1002289
1002323
1002324
1002325
1002326
1002327
1002328
1002329
1002330
1002338
1002339
1002340
1002357
1002365
1002366
1002377
1002378
1002379
1002380
1002381
1002382
1002391
1002398
1002400
1002401
1002402
1002403
1002404
1002405
1002406
1002407
1002418
1002528
1002529
1002530
1002531
1002532
1002584
1002585
1002587
1002610
1002613
1002616
1002619
1002622
1002625
1002628
1002631
1002634
1002637
1002640
1002643
1002646
1002776
1002777
1002778
1002779
1002780
1002790
1002791
1002792
1002793
1002794
1002858
1002859
1002860
1002861
1002926
1002927
1002971
1002972
1003068
1003112
1012056
1022047
1022058
1022060
1022082
1032000
1032001
1032002
1032003
1032004
1032005
1032006
1032007
1032008
1032009
1032010
1032011
1032012
1032013
1032014
1032015
1032016
1032017
1032018
1032019
1032020
1032021
1032022
1032023
1032026
1032027
1032030
1032031
1032032
1032062
1032077
1032078
1032079
1040000
1040008
1040009
1040010
1040011
1040012
1040013
1040014
1040015
1040016
1040017
1040019
1040020
1040021
1040022
1040023
1040024
1040026
1040028
1040029
1040030
1040034
1040035
1040037
1040038
1040040
1040041
1040042
1040043
1040044
1040048
1040049
1040050
1040057
1040058
1040059
1040060
1040061
1040062
1040063
1040068
1040069
1040070
1040072
1040073
1040074
1040075
1040076
1040079
1040080
1040081
1040082
1040083
1040084
1040085
1040086
1040087
1040088
1040089
1040090
1040091
1040092
1040093
1040094
1040095
1040096
1040097
1040098
1040099
1040100
1040102
1040103
1040104
1040105
1040106
1040107
1040108
1040109
1040110
1040111
1040112
1040113
1040115
1040116
1040117
1040118
1040120
1040121
1040122
1041004
1041008
1041012
1041013
1041014
1041017
1041018
1041021
1041023
1041024
1041026
1041027
1041028
1041029
1041030
1041031
1041032
1041033
1041034
1041037
1041039
1041040
1041041
1041042
1041043
1041044
1041045
1041047
1041048
1041049
1041050
1041051
1041052
1041053
1041054
1041055
1041056
1041058
1041059
1041060
1041061
1041062
1041063
1041064
1041065
1041066
1041067
1041068
1041069
1041074
1041075
1041076
1041077
1041078
1041079
1041080
1041081
1041082
1041083
1041084
1041085
1041086
1041087
1041088
1041089
1041091
1041092
1041093
1041094
1041095
1041096
1041097
1041098
1041099
1041100
1041101
1041102
1041103
1041105
1041106
1041107
1041115
1041116
1041117
1041118
1041119
1041120
1041121
1041122
1041123
1041124
1050000
1050001
1050002
1050003
1050005
1050006
1050007
1050010
1050011
1050021
1050022
1050023
1050024
1050025
1050026
1050028
1050029
1050030
1050031
1050035
1050036
1050037
1050038
1050039
1050045
1050046
1050047
1050048
1050049
1050051
1050052
1050053
1050054
1050055
1050056
1050058
1050059
1050060
1050061
1050062
1050063
1050064
1050067
1050068
1050069
1050070
1050072
1050073
1050074
1050075
1050076
1050077
1050078
1050080
1050081
1050082
1050083
1050088
1050089
1050090
1050091
1050092
1050093
1050094
1050095
1050096
1050097
1050098
1050099
1050102
1050103
1050104
1050105
1050106
1050107
1050108
1050127
1051000
1051001
1051003
1051004
1051005
1051006
1051007
1051008
1051009
1051010
1051011
1051012
1051013
1051014
1051015
1051016
1051023
1051024
1051025
1051026
1051027
1051030
1051031
1051032
1051033
1051034
1051037
1051038
1051039
1051041
1051042
1051043
1051044
1051045
1051046
1051047
1051052
1051053
1051054
1051055
1051056
1051057
1051058
1051062
1051063
1051064
1051065
1051066
1051067
1051068
1051069
1051077
1051078
1051079
1051080
1051082
1051083
1051084
1051085
1051091
1051092
1051093
1051094
1051095
1051096
1051097
1051101
1051102
1051103
1051104
1051105
1051106
1051107
1051140
1052071
1052072
1052075
1052095
1052098
1052101
1052104
1052107
1052110
1052113
1052116
1052119
1052122
1052125
1052128
1052131
1052134
1052155
1052156
1052157
1052158
1052159
1052160
1052161
1052162
1052163
1052164
1060000
1060002
1060004
1060007
1060008
1060009
1060010
1060011
1060013
1060014
1060015
1060016
1060017
1060018
1060019
1060020
1060024
1060025
1060027
1060028
1060030
1060031
1060032
1060033
1060037
1060038
1060039
1060043
1060044
1060045
1060046
1060050
1060051
1060052
1060057
1060058
1060059
1060060
1060061
1060062
1060063
1060064
1060065
1060068
1060069
1060070
1060071
1060072
1060073
1060074
1060075
1060076
1060077
1060078
1060079
1060080
1060081
1060082
1060083
1060084
1060085
1060086
1060087
1060088
1060089
1060090
1060091
1060092
1060093
1060094
1060095
1060097
1060098
1060099
1060100
1060101
1060102
1060104
1060105
1060106
1060107
1060109
1060110
1060111
1061006
1061009
1061011
1061012
1061013
1061014
1061018
1061019
1061022
1061023
1061024
1061025
1061026
1061027
1061028
1061029
1061033
1061034
1061035
1061036
1061037
1061038
1061041
1061043
1061044
1061045
1061046
1061047
1061048
1061049
1061050
1061051
1061052
1061054
1061055
1061056
1061057
1061058
1061059
1061060
1061061
1061062
1061063
1061064
1061069
1061070
1061071
1061076
1061077
1061078
1061079
1061080
1061081
1061082
1061083
1061084
1061085
1061086
1061087
1061088
1061090
1061091
1061092
1061093
1061094
1061095
1061096
1061097
1061098
1061099
1061100
1061101
1061102
1061104
1061105
1061106
1061114
1061115
1061116
1061117
1061118
1061119
1061120
1061121
1061122
1061123
1062000
1062002
1062006
1072000
1072002
1072003
1072004
1072005
1072007
1072008
1072009
1072011
1072015
1072018
1072019
1072020
1072023
1072027
1072030
1072031
1072032
1072033
1072034
1072035
1072036
1072039
1072040
1072041
1072046
1072050
1072051
1072052
1072053
1072054
1072055
1072056
1072060
1072062
1072063
1072064
1072065
1072066
1072069
1072072
1072073
1072074
1072075
1072076
1072077
1072078
1072079
1072080
1072081
1072082
1072083
1072085
1072086
1072087
1072089
1072090
1072091
1072101
1072102
1072103
1072104
1072105
1072106
1072107
1072108
1072109
1072110
1072112
1072113
1072114
1072115
1072116
1072117
1072118
1072119
1072120
1072121
1072122
1072123
1072124
1072125
1072126
1072127
1072128
1072129
1072130
1072131
1072132
1072133
1072134
1072135
1072136
1072137
1072138
1072139
1072140
1072141
1072142
1072143
1072144
1072145
1072146
1072147
1072148
1072149
1072150
1072151
1072152
1072154
1072155
1072156
1072157
1072158
1072159
1072160
1072161
1072162
1072163
1072164
1072165
1072166
1072167
1072172
1072173
1072174
1072177
1072178
1072179
1072182
1072183
1072184
1072185
1072192
1072193
1072194
1072195
1072196
1072197
1072198
1072203
1072204
1072205
1072206
1072207
1072208
1072209
1072210
1072211
1072212
1072213
1072214
1072215
1072216
1072220
1072221
1072222
1072223
1072224
1072225
1072226
1072227
1072228
1072229
1072238
1072239
1072285
1072288
1072291
1072294
1072297
1072300
1072303
1072306
1072309
1072312
1072315
1072318
1072355
1072356
1072357
1072358
1072359
1072361
1072362
1072363
1072364
1072365
1072369
1072376
1072419
1072420
1072421
1072422
1072423
1082000
1082001
1082002
1082003
1082004
1082005
1082006
1082007
1082008
1082009
1082010
1082011
1082012
1082016
1082017
1082018
1082019
1082020
1082023
1082024
1082025
1082026
1082028
1082029
1082032
1082035
1082036
1082037
1082038
1082039
1082042
1082043
1082044
1082045
1082046
1082047
1082048
1082049
1082050
1082051
1082052
1082053
1082054
1082055
1082056
1082059
1082060
1082061
1082062
1082063
1082064
1082065
1082066
1082067
1082068
1082069
1082070
1082071
1082072
1082073
1082074
1082075
1082076
1082080
1082081
1082082
1082083
1082084
1082085
1082086
1082087
1082088
1082089
1082090
1082091
1082092
1082093
1082094
1082095
1082096
1082097
1082098
1082099
1082100
1082103
1082104
1082105
1082106
1082107
1082108
1082109
1082110
1082111
1082112
1082114
1082115
1082116
1082117
1082118
1082119
1082120
1082121
1082122
1082123
1082125
1082126
1082127
1082128
1082129
1082130
1082131
1082132
1082133
1082134
1082135
1082136
1082138
1082139
1082140
1082141
1082142
1082143
1082144
1082151
1082152
1082153
1082154
1082158
1082159
1082160
1082180
1082183
1082186
1082189
1082192
1082195
1082198
1082201
1082204
1082207
1082210
1082213
1082230
1082234
1082235
1082236
1082237
1082238
1082239
1082240
1082241
1082242
1082243
1082256
1082257
1082258
1082259
1082260
1092000
1092001
1092002
1092003
1092004
1092006
1092007
1092008
1092009
1092010
1092011
1092012
1092013
1092014
1092015
1092016
1092017
1092018
1092019
1092020
1092021
1092023
1092024
1092025
1092026
1092027
1092028
1092029
1092036
1092037
1092049
1092050
1092057
1092058
1092059
1102000
1102001
1102002
1102003
1102004
1102012
1102013
1102015
1102016
1102017
1102018
1102021
1102022
1102023
1102024
1102026
1102027
1102028
1102029
1102030
1102031
1102032
1102034
1102035
1102041
1102172
1122000
1122001
1122004
1122005
1122059
1122076
1302002
1302003
1302004
1302006
1302007
1302009
1302010
1302011
1302012
1302013
1302016
1302017
1302018
1302019
1302021
1302023
1302025
1302026
1302027
1302031
1302049
1302056
1302059
1302063
1302081
1302086
1302104
1302112
1302113
1302133
1312000
1312003
1312005
1312006
1312007
1312008
1312009
1312010
1312011
1312012
1312014
1312015
1312016
1312030
1312031
1312037
1312038
1312042
1312043
1322000
1322002
1322003
1322004
1322007
1322009
1322010
1322012
1322014
1322015
1322016
1322017
1322018
1322019
1322020
1322021
1322022
1322023
1322024
1322025
1322026
1322027
1322028
1322029
1322045
1322052
1322060
1322061
1322068
1322069
1332000
1332001
1332003
1332004
1332006
1332008
1332009
1332010
1332011
1332012
1332013
1332014
1332015
1332016
1332017
1332018
1332019
1332020
1332021
1332022
1332023
1332026
1332027
1332029
1332030
1332031
1332049
1332050
1332051
1332052
1332054
1332073
1332074
1332075
1332076
1332084
1332085
1332086
1332087
1332099
1342002
1342003
1342004
1342005
1342006
1342007
1342008
1342010
1342011
1342012
1372000
1372001
1372002
1372003
1372004
1372005
1372007
1372008
1372009
1372010
1372011
1372012
1372014
1372015
1372016
1372017
1372032
1372033
1372035
1372036
1372037
1372038
1372044
1372045
1372049
1372050
1372058
1372059
1382000
1382001
1382002
1382004
1382006
1382007
1382008
1382010
1382014
1382015
1382016
1382017
1382018
1382019
1382028
1382035
1382036
1382037
1382045
1382046
1382047
1382048
1382050
1382051
1382052
1382057
1382059
1382066
1382067
1382068
1382080
1402000
1402001
1402002
1402003
1402004
1402005
1402006
1402007
1402008
1402009
1402010
1402011
1402012
1402013
1402014
1402015
1402016
1402017
1402018
1402029
1402033
1402035
1402036
1402037
1402046
1402047
1402056
1402057
1402058
1402059
1402062
1402072
1402074
1412000
1412001
1412002
1412003
1412004
1412005
1412006
1412007
1412008
1412009
1412010
1412012
1412021
1412026
1412033
1412034
1412038
1412039
1412040
1412046
1422000
1422001
1422005
1422007
1422008
1422009
1422010
1422012
1422013
1422027
1422028
1422031
1422037
1422038
1422042
1422043
1432000
1432001
1432002
1432003
1432004
1432005
1432006
1432007
1432008
1432010
1432011
1432013
1432015
1432016
1432018
1432030
1432038
1432039
1432047
1432049
1432054
1432055
1432061
1442000
1442001
1442003
1442004
1442005
1442006
1442008
1442009
1442010
1442011
1442012
1442013
1442014
1442015
1442016
1442017
1442019
1442020
1442021
1442025
1442030
1442037
1442044
1442045
1442046
1442057
1442063
1442067
1442074
1442075
1442078
1442091
1442103
1452000
1452001
1452002
1452003
1452004
1452005
1452006
1452007
1452008
1452009
1452010
1452011
1452012
1452013
1452014
1452015
1452017
1452018
1452019
1452020
1452021
1452023
1452025
1452044
1452057
1452059
1452066
1452067
1452068
1452069
1452070
1452071
1452085
1452090
1462000
1462002
1462003
1462004
1462005
1462006
1462007
1462008
1462009
1462010
1462011
1462012
1462013
1462015
1462016
1462017
1462018
1462022
1462039
1462050
1462051
1462059
1462060
1462061
1462062
1462063
1462075
1472000
1472006
1472009
1472010
1472011
1472012
1472013
1472014
1472015
1472016
1472017
1472018
1472019
1472020
1472021
1472022
1472023
1472024
1472025
1472026
1472027
1472028
1472029
1472031
1472033
1472051
1472052
1472053
1472068
1472071
1472083
1472084
1472086
1472100
1472101
1482000
1482001
1482002
1482003
1482004
1482005
1482006
1482007
1482008
1482009
1482010
1482011
1482012
1482013
1482023
1482024
1482031
1482032
1482046
1482052
1492000
1492001
1492002
1492003
1492004
1492005
1492006
1492007
1492008
1492009
1492010
1492011
1492012
1492013
1492023
1492025
1492035
1492036
1492037
1492048
1902048
1912041
2000000
2000001
2000002
2000003
2000004
2000005
2000006
2000009
2000010
2000011
2000012
2000016
2000018
2000019
2001000
2001001
2001002
2001515
2002000
2002001
2002002
2002003
2002004
2002005
2002006
2002007
2002008
2002009
2002010
2002011
2002024
2002025
2002205
2010000
2010003
2010004
2010009
2012000
2012001
2012002
2012003
2020000
2020001
2020002
2020003
2020004
2020005
2020006
2020007
2020008
2020009
2020010
2020012
2020013
2020014
2020015
2020016
2020017
2020018
2020028
2022000
2022001
2022003
2022007
2022012
2022013
2022014
2022015
2022016
2022017
2022018
2022019
2022020
2022021
2022022
2022023
2022024
2022025
2022026
2022027
2022037
2022038
2022039
2022040
2022042
2022050
2022057
2022063
2022131
2022132
2022137
2022138
2022139
2022140
2022141
2022142
2022149
2022155
2022157
2022158
2022159
2022160
2022161
2022162
2022163
2022164
2022165
2022166
2022174
2022175
2022176
2022177
2022178
2022179
2022186
2022241
2022254
2022279
2022310
2022311
2022345
2022413
2022414
2022415
2022416
2022417
2022418
2022419
2022420
2022421
2022430
2022431
2022432
2022433
2022453
2022456
2022524
2022570
2022571
2022572
2022573
2022574
2022575
2022576
2022577
2022578
2022579
2022580
2022581
2022582
2022583
2022584
2022613
2022615
2022618
2030000
2030010
2040001
2040002
2040003
2040004
2040005
2040008
2040009
2040010
2040011
2040013
2040018
2040024
2040025
2040026
2040027
2040029
2040031
2040033
2040034
2040035
2040036
2040037
2040100
2040101
2040102
2040103
2040104
2040105
2040106
2040107
2040108
2040109
2040200
2040201
2040202
2040203
2040204
2040205
2040206
2040207
2040208
2040209
2040301
2040302
2040306
2040311
2040312
2040316
2040317
2040318
2040319
2040320
2040321
2040323
2040324
2040325
2040326
2040328
2040400
2040401
2040402
2040404
2040405
2040406
2040407
2040409
2040417
2040418
2040419
2040420
2040421
2040422
2040423
2040425
2040427
2040500
2040501
2040502
2040504
2040505
2040510
2040511
2040512
2040513
2040514
2040515
2040516
2040517
2040518
2040520
2040530
2040532
2040534
2040601
2040602
2040604
2040606
2040609
2040613
2040617
2040618
2040619
2040620
2040621
2040622
2040623
2040624
2040625
2040627
2040701
2040702
2040703
2040704
2040705
2040707
2040708
2040715
2040716
2040717
2040727
2040739
2040801
2040802
2040804
2040805
2040809
2040813
2040818
2040820
2040821
2040823
2040824
2040825
2040900
2040901
2040902
2040904
2040907
2040908
2040914
2040915
2040917
2040919
2040920
2040922
2040923
2040924
2040925
2040926
2040927
2040928
2040929
2040931
2040933
2041000
2041001
2041002
2041004
2041005
2041006
2041007
2041008
2041009
2041010
2041011
2041012
2041013
2041014
2041015
2041016
2041017
2041018
2041019
2041020
2041021
2041022
2041023
2041026
2041028
2041030
2041031
2041032
2041033
2041034
2041035
2041036
2041037
2041038
2041039
2041040
2041041
2041050
2041058
2041200
2043001
2043002
2043004
2043009
2043015
2043017
2043019
2043101
2043102
2043104
2043105
2043110
2043112
2043114
2043201
2043202
2043210
2043212
2043214
2043216
2043301
2043302
2043304
2043305
2043311
2043401
2043402
2043701
2043702
2043704
2043705
2043711
2043801
2043802
2043805
2043811
2044001
2044002
2044004
2044005
2044010
2044012
2044014
2044024
2044101
2044102
2044104
2044110
2044112
2044114
2044116
2044201
2044202
2044205
2044210
2044212
2044214
2044216
2044301
2044302
2044305
2044310
2044312
2044314
2044316
2044400
2044401
2044402
2044404
2044410
2044412
2044414
2044416
2044501
2044502
2044504
2044505
2044511
2044601
2044602
2044604
2044605
2044611
2044701
2044702
2044711
2044801
2044802
2044805
2044807
2044809
2044816
2044901
2044902
2047000
2047001
2047002
2047100
2047101
2047102
2047200
2047201
2047202
2047203
2047204
2047205
2047206
2047207
2047208
2048000
2048001
2048002
2048003
2048004
2048005
2049000
2049001
2049003
2049100
2049115
2049200
2049201
2049202
2049203
2049204
2049205
2049206
2049207
2049208
2049210
2049300
2049301
2049400
2049401
2050000
2050001
2050002
2050003
2050004
2060000
2060001
2060002
2060003
2061000
2061001
2061002
2061003
2070000
2070001
2070002
2070003
2070004
2070005
2070006
2070007
2070008
2070009
2070010
2070011
2070012
2070013
2070019
2101014
2101026
2101039
2101041
2210000
2210001
2210002
2210006
2210031
2280004
2280005
2280006
2280007
2280008
2280009
2280010
2280013
2280014
2280015
2280016
2280026
2280027
2280028
2280029
2280030
2280031
2290000
2290001
2290002
2290003
2290004
2290005
2290006
2290007
2290008
2290009
2290010
2290011
2290012
2290013
2290014
2290015
2290016
2290017
2290018
2290019
2290020
2290021
2290022
2290023
2290024
2290025
2290026
2290027
2290028
2290029
2290030
2290031
2290032
2290033
2290034
2290035
2290036
2290037
2290038
2290039
2290040
2290041
2290042
2290043
2290044
2290046
2290047
2290048
2290049
2290050
2290051
2290052
2290053
2290054
2290055
2290056
2290057
2290058
2290059
2290060
2290061
2290062
2290063
2290064
2290065
2290066
2290067
2290068
2290069
2290070
2290071
2290072
2290073
2290074
2290075
2290076
2290077
2290078
2290079
2290080
2290082
2290083
2290084
2290085
2290086
2290088
2290089
2290090
2290091
2290092
2290093
2290094
2290095
2290096
2290097
2290098
2290099
2290100
2290101
2290102
2290103
2290104
2290105
2290106
2290107
2290108
2290110
2290111
2290112
2290113
2290114
2290115
2290116
2290117
2290118
2290119
2290120
2290121
2290122
2290123
2290124
2290125
2290126
2290127
2290128
2290129
2290130
2290131
2290132
2290133
2290134
2290135
2290136
2290137
2290138
2290139
2290140
2290141
2290142
2290143
2290144
2290145
2290146
2290147
2290148
2290149
2290150
2290151
2290152
2290153
2290154
2290155
2290156
2290157
2290158
2290159
2290160
2290161
2290210
2330000
2330001
2330002
2330003
2330004
2330005
2330007
2331000
2332000
2380000
2380001
2380002
2380003
2380004
2380005
2380006
2380007
2380008
2380009
2380010
2380011
2380012
2380015
2380016
2380017
2380018
2380019
2380020
2381000
2381001
2381002
2381003
2381004
2381005
2381006
2381007
2381008
2381009
2381010
2381011
2381012
2381013
2381014
2381015
2381016
2381017
2381018
2381019
2381020
2381021
2381022
2381023
2381024
2381025
2381026
2381027
2381028
2381029
2381030
2381031
2381032
2381033
2381034
2381035
2381036
2381037
2381038
2381042
2381077
2381078
2381079
2381080
2381081
2381083
2382000
2382001
2382002
2382003
2382004
2382005
2382006
2382007
2382008
2382009
2382010
2382011
2382012
2382013
2382015
2382016
2382017
2382018
2382019
2382020
2382021
2382023
2382024
2382025
2382026
2382027
2382028
2382029
2382030
2382031
2382032
2382033
2382034
2382035
2382036
2382037
2382038
2382039
2382040
2382041
2382042
2382043
2382044
2382045
2382046
2382047
2382048
2382049
2382050
2382051
2382052
2382053
2382054
2382055
2382056
2382057
2382059
2382060
2382061
2382062
2382063
2382064
2382065
2382066
2382067
2382068
2382069
2382070
2382071
2382072
2382076
2382088
2382089
2382090
2382091
2382092
2382093
2382094
2382095
2382096
2382097
2382098
2382099
2382103
2382104
2382105
2382106
2382107
2382108
2382109
2382110
2382111
2382112
2383000
2383001
2383002
2383003
2383004
2383005
2383006
2383007
2383008
2383009
2383010
2383011
2383012
2383013
2383014
2383015
2383016
2383017
2383018
2383019
2383020
2383021
2383022
2383023
2383024
2383025
2383026
2383027
2383028
2383029
2383030
2383031
2383032
2383033
2383034
2383035
2383036
2383037
2383038
2383039
2383040
2383041
2383042
2383043
2383044
2383045
2383046
2383047
2383048
2383049
2383054
2383057
2383058
2383059
2383064
2383065
2383066
2383067
2383068
2383069
2383070
2383071
2383072
2383073
2384000
2384001
2384002
2384003
2384004
2384006
2384007
2384008
2384009
2384010
2384011
2384012
2384013
2384014
2384015
2384016
2384017
2384018
2384019
2384020
2384021
2384022
2384023
2384024
2384025
2384027
2384028
2384029
2384030
2384031
2384032
2384033
2384034
2384035
2384036
2384037
2384038
2384039
2384040
2384051
2384052
2384053
2384054
2384055
2384056
2384057
2384058
2384059
2384060
2384061
2384062
2385000
2385001
2385002
2385003
2385004
2385005
2385006
2385007
2385008
2385009
2385010
2385011
2385012
2385013
2385014
2385015
2385016
2385017
2385018
2385019
2385020
2385021
2385022
2385023
2385024
2385025
2385032
2385033
2385034
2385035
2385036
2385037
2385038
2385039
2385040
2385041
2385042
2385043
2385044
2386000
2386001
2386002
2386003
2386004
2386005
2386006
2386008
2386009
2386010
2386011
2386012
2386013
2386014
2386015
2386016
2386017
2386021
2386022
2386023
2386024
2386030
2386031
2386032
2386033
2386034
2387000
2387001
2387002
2387003
2387004
2387006
2387007
2387008
2387009
2387010
2387011
2387012
2387013
2387020
2387021
2387022
2387023
2387024
2387025
2387026
2387027
2387028
2387030
2387031
2387032
2388000
2388001
2388002
2388003
2388004
2388005
2388006
2388007
2388008
2388009
2388010
2388011
2388012
2388013
2388014
2388015
2388016
2388017
2388018
2388019
2388020
2388021
2388022
2388023
2388024
2388025
2388026
2388027
2388028
2388029
2388030
2388031
2388032
2388033
2388034
2388038
2388040
2388041
2388042
2388043
2388044
2388045
2388048
2388050
2388051
2388052
2388053
2388054
2388067
2388068
2388069
2388075
2388076
2388077
2388078
2388079
3010007
3010008
3010073
3010127
3010128
3994059
3994060
3994061
3994062
3994063
3994064
3994065
3994066
3994067
3994068
3994069
3994070
3994071
3994072
3994073
3994074
3994075
3994076
3994077
3994078
3994079
3994080
3994081
3994082
3994083
3994084
3994120
4000000
4000001
4000002
4000003
4000004
4000005
4000006
4000007
4000008
4000009
4000010
4000011
4000012
4000013
4000014
4000015
4000016
4000017
4000018
4000019
4000020
4000021
4000022
4000023
4000024
4000025
4000026
4000027
4000028
4000029
4000030
4000031
4000032
4000033
4000034
4000035
4000036
4000037
4000039
4000040
4000041
4000042
4000043
4000044
4000045
4000046
4000047
4000048
4000049
4000050
4000051
4000052
4000053
4000054
4000055
4000056
4000057
4000058
4000059
4000060
4000061
4000062
4000063
4000064
4000065
4000066
4000067
4000068
4000069
4000070
4000071
4000072
4000073
4000074
4000075
4000076
4000077
4000078
4000079
4000080
4000081
4000082
4000083
4000084
4000085
4000086
4000087
4000088
4000089
4000090
4000091
4000092
4000093
4000094
4000095
4000096
4000097
4000098
4000099
4000100
4000101
4000102
4000103
4000104
4000105
4000106
4000107
4000108
4000109
4000110
4000111
4000112
4000113
4000114
4000115
4000116
4000117
4000118
4000119
4000120
4000121
4000122
4000123
4000124
4000125
4000126
4000127
4000128
4000129
4000130
4000131
4000132
4000133
4000134
4000135
4000137
4000138
4000139
4000140
4000141
4000143
4000144
4000145
4000146
4000147
4000148
4000149
4000150
4000151
4000152
4000153
4000154
4000155
4000156
4000157
4000158
4000159
4000160
4000161
4000162
4000163
4000164
4000165
4000166
4000167
4000168
4000169
4000170
4000171
4000172
4000173
4000175
4000176
4000177
4000178
4000179
4000180
4000181
4000182
4000183
4000184
4000185
4000186
4000187
4000188
4000189
4000190
4000191
4000192
4000193
4000194
4000195
4000196
4000197
4000198
4000199
4000200
4000201
4000202
4000204
4000205
4000206
4000207
4000208
4000215
4000222
4000223
4000224
4000225
4000226
4000227
4000228
4000229
4000230
4000231
4000232
4000233
4000234
4000235
4000236
4000237
4000238
4000239
4000240
4000241
4000242
4000243
4000244
4000245
4000246
4000247
4000248
4000249
4000250
4000251
4000252
4000253
4000254
4000255
4000256
4000257
4000258
4000259
4000260
4000261
4000262
4000263
4000264
4000265
4000266
4000267
4000268
4000269
4000270
4000271
4000272
4000273
4000274
4000276
4000277
4000278
4000279
4000280
4000281
4000282
4000283
4000284
4000285
4000286
4000287
4000288
4000289
4000291
4000292
4000293
4000294
4000295
4000296
4000297
4000298
4000299
4000306
4000324
4000325
4000326
4000327
4000328
4000329
4000330
4000331
4000332
4000333
4000334
4000335
4000336
4000337
4000338
4000339
4000340
4000341
4000342
4000343
4000344
4000345
4000346
4000350
4000351
4000352
4000353
4000354
4000355
4000356
4000357
4000358
4000359
4000360
4000361
4000362
4000363
4000364
4000365
4000366
4000367
4000368
4000369
4000370
4000371
4000372
4000373
4000374
4000375
4000376
4000377
4000378
4000379
4000380
4000382
4000383
4000384
4000385
4000393
4000394
4000395
4000396
4000397
4000398
4000401
4000402
4000403
4000404
4000405
4000406
4000407
4000411
4000412
4000413
4000415
4000416
4000418
4000419
4000420
4000421
4000429
4000430
4000431
4000432
4000433
4000434
4000435
4000436
4000437
4000438
4000439
4000440
4000443
4000444
4000445
4000446
4000447
4000448
4000449
4000450
4000451
4000452
4000453
4000454
4000455
4000456
4000457
4000458
4000459
4000460
4000461
4000462
4000465
4000466
4000467
4000468
4000469
4000470
4000471
4000472
4000473
4000474
4000475
4000476
4000477
4000478
4000482
4000483
4000484
4000485
4000486
4000493
4000494
4000495
4000496
4000497
4000499
4000500
4000501
4000502
4000503
4000504
4000505
4000506
4000507
4000525
4000526
4000527
4000528
4000529
4000530
4000532
4000534
4000536
4000537
4000539
4000540
4000541
4000542
4000543
4000544
4000545
4000546
4000547
4000548
4000549
4000550
4000551
4000552
4000553
4000554
4000555
4000556
4000557
4000558
4000580
4000581
4000584
4001000
4001004
4001005
4001006
4001007
4001008
4001022
4001023
4001024
4001026
4001027
4001028
4001035
4001036
4001050
4001051
4001052
4001053
4001054
4001064
4001065
4001066
4001067
4001068
4001069
4001070
4001071
4001072
4001073
4001075
4001076
4001077
4001079
4001083
4001084
4001085
4001094
4001103
4001104
4001105
4001107
4001110
4001111
4001112
4001117
4001120
4001121
4001122
4001123
4001125
4001126
4001129
4001132
4001133
4001136
4001141
4001156
4001161
4001164
4001207
4001241
4001242
4001254
4001261
4001318
4001347
4001348
4001352
4001367
4001368
4001369
4001370
4001371
4001374
4001401
4001433
4003002
4003004
4003005
4004000
4004001
4004002
4004003
4004004
4005000
4005001
4005002
4005003
4006000
4006001
4007000
4007001
4007002
4007003
4007004
4007005
4007006
4007007
4010000
4010001
4010002
4010003
4010004
4010005
4010006
4010007
4011007
4020000
4020001
4020002
4020003
4020004
4020005
4020006
4020007
4020008
4020009
4020010
4020011
4020012
4021000
4021001
4021002
4021003
4021004
4021005
4021006
4021007
4021008
4021009
4021010
4030000
4030001
4030009
4030010
4030011
4030012
4030013
4030014
4030015
4030016
4031013
4031089
4031090
4031093
4031102
4031103
4031104
4031105
4031106
4031115
4031129
4031135
4031139
4031140
4031146
4031147
4031153
4031155
4031159
4031161
4031162
4031164
4031170
4031171
4031172
4031175
4031176
4031177
4031178
4031189
4031193
4031195
4031196
4031206
4031209
4031212
4031213
4031214
4031215
4031218
4031222
4031223
4031224
4031227
4031232
4031233
4031234
4031239
4031241
4031251
4031252
4031253
4031254
4031255
4031256
4031259
4031260
4031261
4031262
4031263
4031264
4031265
4031266
4031267
4031268
4031269
4031273
4031279
4031296
4031309
4031311
4031343
4031344
4031352
4031354
4031388
4031400
4031401
4031405
4031412
4031413
4031414
4031415
4031432
4031433
4031436
4031437
4031449
4031453
4031457
4031458
4031459
4031460
4031461
4031464
4031465
4031466
4031469
4031470
4031472
4031473
4031474
4031475
4031477
4031479
4031482
4031483
4031484
4031485
4031487
4031496
4031500
4031506
4031511
4031512
4031514
4031515
4031517
4031518
4031593
4031594
4031596
4031597
4031629
4031632
4031680
4031681
4031694
4031740
4031741
4031745
4031790
4031793
4031802
4031846
4031856
4031857
4031860
4031861
4031869
4031871
4031872
4031873
4031874
4031925
4031926
4031937
4031992
4032003
4032006
4032007
4032008
4032009
4032010
4032011
4032012
4032018
4032024
4032025
4032032
4032096
4032097
4032098
4032099
4032100
4032101
4032102
4032103
4032104
4032105
4032120
4032121
4032122
4032123
4032124
4032125
4032126
4032127
4032128
4032129
4032130
4032150
4032151
4032152
4032153
4032154
4032155
4032156
4032157
4032158
4032159
4032160
4032161
4032162
4032163
4032164
4032165
4032166
4032167
4032168
4032176
4032180
4032181
4032190
4032192
4032248
4032311
4032314
4032315
4032316
4032321
4032340
4032355
4032356
4032357
4032374
4032376
4032377
4032378
4032379
4032453
4032459
4032460
4032461
4032462
4032463
4032466
4032474
4032498
4032620
4032621
4032622
4032623
4032624
4032647
4032648
4032651
4130000
4130001
4130002
4130003
4130004
4130005
4130006
4130007
4130008
4130009
4130010
4130011
4130012
4130013
4130014
4130015
4130016
4130017
4130018
4130019
4130020
4130021
4130022
4131000
4131001
4131002
4131003
4131004
4131005
4131006
4131007
4131008
4131009
4131010
4131011
4131012
4131013
4161015
4161016
4161018
4161021
5220010
5220020
5490000
5490001
